# EXIT 1
#5,-5,10,-5
#10,-5,10,5
#10,5,5,5
#5,5,5,-5
# HOUSE 1
60,60,75,60
75,60,75,75
75,75,105,75
105,75,105,165
105,165,60,165
60,165,60,60
# HOUSE 2
15,15,60,15
60,15,60,30
60,30,30,30
30,30,30,60
30,60,15,60
15,60,15,15
# HOUSE 3
0,75,45,75
45,75,45,90
45,90,30,90
30,90,30,105
30,105,45,105
45,105,45,120
45,120,30,120
30,120,30,135
30,135,45,135
45,135,45,150
45,150,30,150
30,150,30,165
30,165,15,165
15,165,15,150
15,150,0,150
0,150,0,135
0,135,15,135
15,135,15,120
15,120,0,120
0,120,0,105
0,105,15,105
15,105,15,90
15,90,0,90
0,90,0,75
# HOUSE 4
0,180,15,180
15,180,15,195
15,195,30,195
30,195,30,180
30,180,45,180
45,180,45,225
45,225,0,225
0,225,0,180
# HOUSE 5
60,180,75,180
75,180,75,210
75,210,60,210
60,210,60,180
# HOUSE 6
90,180,105,180
105,180,105,210
105,210,90,210
90,210,90,180
# HOUSE 7
120,195,165,195
165,195,165,210
165,210,120,210
120,210,120,195
# HOUSE 8
165,150,195,150
195,150,195,165
195,165,180,165
180,165,180,195
180,195,165,195
165,195,165,150
# HOUSE 9
225,180,240,180
240,180,240,225
240,225,225,225
225,225,225,180
# HOUSE 10
210,150,240,150
240,150,240,165
240,165,210,165
210,165,210,150
# HOUSE 11
225,120,240,120
240,120,240,135
240,135,225,135
225,135,225,120
# HOUSE 12
120,120,180,120
180,120,180,135
180,135,150,135
150,135,150,180
150,180,120,180
120,180,120,120
# HOUSE 13
195,120,210,120
210,120,210,135
210,135,195,135
195,135,195,120
# HOUSE 14
165,15,195,15
195,15,195,30
195,30,165,30
165,30,165,15
# HOUSE 15
75,0,150,0
150,0,150,45
150,45,90,45
90,45,90,15
90,15,75,15
75,15,75,0
# HOUSE 16
120,60,165,60
165,60,165,45
165,45,180,45
180,45,180,75
180,75,165,75
165,75,165,105
165,105,120,105
120,105,120,90
120,90,150,90
150,90,150,75
150,75,120,75
120,75,120,60
# DOORS HOUSE 16
125,70,125,65
115,70,115,65
115,65,125,65
115,70,125,70
# DOOR 2
170,40,175,40
170,50,175,50
170,40,170,50
175,40,175,50
# DOORS HOUSE 16
125,100,125,95
115,100,115,95
115,95,125,95
115,100,125,100
# DOORS HOUSE 16
170,85,170,80
160,85,160,80
160,80,170,80
160,85,170,85
# DOORS HOUSE 16
145,80,155,80
155,85,155,80
145,85,145,80
145,80,155,80
145,85,155,85

