11,1,0
0,0,0,0
15,1,0
0,0,0,0
15,1,0
169,127,0,0
15,1,0
199,127,0,0
15,1,0
0,0,0,0
15,1,0
0,0,0,0
15,1,0
240,106,70,215
15,1,0
48,112,197,97
15,1,0
48,112,197,97
15,1,0
48,112,197,97
15,1,0
48,112,197,97
15,1,0
48,112,197,97
15,1,0
48,112,197,97
15,1,0
48,112,197,97
15,1,0
48,112,197,97
15,1,0
48,112,197,97
15,1,0
48,112,197,97
15,1,0
48,112,197,97
15,1,0
224,214,8,185
15,1,0
224,214,8,185
15,1,0
224,214,8,185
15,1,0
224,214,8,185
15,1,0
224,214,8,185
15,1,0
224,214,8,185
15,1,0
224,214,8,185
15,1,0
224,214,8,185
15,1,0
224,214,8,185
15,1,0
224,214,8,185
15,1,0
80,44,98,185
15,1,0
80,44,98,185
15,1,0
80,44,98,185
15,1,0
80,44,98,185
15,1,0
80,44,98,185
15,1,0
80,44,98,185
15,1,0
80,44,98,185
15,1,0
80,44,98,185
15,1,0
80,44,98,185
15,1,0
80,44,98,185
15,1,0
80,44,98,185
15,1,0
80,44,98,185
15,1,0
80,44,98,185
15,1,0
80,44,98,185
15,1,0
80,44,98,185
15,1,0
80,44,98,185
15,1,0
80,44,98,185
15,1,0
80,44,98,185
15,1,0
80,44,98,185
15,1,0
80,44,98,185
15,1,0
80,44,98,185
15,1,0
80,44,98,185
15,1,0
80,44,98,185
15,1,0
80,44,98,185
15,1,0
80,44,98,185
15,1,0
80,44,98,185
15,1,0
80,44,98,185
15,1,0
80,44,98,185
15,1,0
80,44,98,185
15,1,0
80,44,98,185
15,1,0
80,44,98,185
15,1,0
80,44,98,185
15,1,0
80,44,98,185
15,1,0
80,44,98,185
15,1,0
80,44,98,185
15,1,0
80,44,98,185
15,1,0
80,44,98,185
15,1,0
80,44,98,185
15,1,0
80,44,98,185
15,1,0
80,44,98,185
15,1,0
80,44,98,185
15,1,0
80,44,98,185
15,1,0
128,250,82,157
15,1,0
0,195,127,154
15,1,0
0,195,127,154
15,1,0
112,38,129,194
15,1,0
112,38,129,194
15,1,0
112,38,129,194
15,1,0
64,229,239,194
15,1,0
0,0,0,0
15,1,0
0,0,0,0
15,1,0
112,209,19,1
15,1,0
0,0,0,0
15,1,0
21,23,131,136
15,1,0
0,0,0,0
15,1,0
112,129,13,1
15,1,0
0,0,0,0
15,1,0
0,0,0,0
15,1,0
252,127,0,0
15,1,0
253,127,0,0
15,1,0
253,127,0,0
15,1,0
0,51,215,58
15,1,0
176,56,192,119
15,1,0
128,232,104,7
15,1,0
96,23,184,189
15,1,0
112,140,205,35
1,1,0
0,0,0,0
1,1,0
0,0,0,0
1,1,0
0,0,0,0
1,1,0
0,0,0,0
1,1,0
0,0,0,0
1,1,0
0,0,0,0
1,1,0
0,0,0,0
1,1,0
0,0,0,0
1,1,0
0,0,0,0
1,1,0
0,0,0,0
1,1,0
0,0,0,0
1,1,0
0,0,0,0
1,1,0
0,0,0,0
1,1,0
0,0,0,0
1,1,0
0,0,0,0
1,1,0
0,0,0,0
1,1,0
0,0,0,0
1,1,0
0,0,0,0
1,0,0
0,0,0,0
1,0,0
0,0,0,0
1,0,0
0,0,0,0
